1	flat75-1	1	0.018	623
1	flat75-1	2	0.016	683
1	flat75-1	3	0.015	590
1	flat75-1	4	0.015	654
1	flat75-1	5	0.016	677
1	flat75-1	6	0.016	688
1	flat75-1	7	0.016	647
1	flat75-1	8	0.017	611
1	flat75-1	9	0.017	644
1	flat75-1	10	0.016	659
1	flat75-1	11	0.016	667
1	flat75-1	12	0.016	659
1	flat75-1	13	0.016	615
1	flat75-1	14	0.016	637
1	flat75-1	15	0.015	647
1	flat75-1	16	0.015	623
1	flat75-1	17	0.015	646
1	flat75-1	18	0.016	650
1	flat75-1	19	0.015	651
1	flat75-1	20	0.016	638
1	flat75-1	21	0.016	570
1	flat75-1	22	0.015	631
1	flat75-1	23	0.015	648
1	flat75-1	24	0.015	666
1	flat75-1	25	0.016	637
1	flat75-1	26	0.015	646
1	flat75-1	27	0.015	644
1	flat75-1	28	0.015	643
1	flat75-1	29	0.015	656
1	flat75-1	30	0.015	638
1	flat75-1	31	0.015	645
1	flat75-1	32	0.016	665
1	flat75-1	33	0.015	602
1	flat75-1	34	0.016	618
1	flat75-1	35	0.016	663
1	flat75-1	36	0.015	645
1	flat75-1	37	0.016	633
1	flat75-1	38	0.015	667
1	flat75-1	39	0.016	607
1	flat75-1	40	0.016	640
1	flat75-1	41	0.015	617
1	flat75-1	42	0.015	718
1	flat75-1	43	0.016	647
1	flat75-1	44	0.015	651
1	flat75-1	45	0.015	649
1	flat75-1	46	0.016	605
1	flat75-1	47	0.015	619
1	flat75-1	48	0.015	646
1	flat75-1	49	0.015	643
1	flat75-1	50	0.016	664
1	flat75-1	51	0.015	648
1	flat75-1	52	0.016	655
1	flat75-1	53	0.015	675
1	flat75-1	54	0.015	640
1	flat75-1	55	0.015	616
1	flat75-1	56	0.015	672
1	flat75-1	57	0.015	682
1	flat75-1	58	0.015	633
1	flat75-1	59	0.015	711
1	flat75-1	60	0.015	692
1	flat75-1	61	0.016	650
1	flat75-1	62	0.015	636
1	flat75-1	63	0.015	625
1	flat75-1	64	0.015	620
1	flat75-1	65	0.015	646
1	flat75-1	66	0.015	606
1	flat75-1	67	0.015	620
1	flat75-1	68	0.016	674
1	flat75-1	69	0.015	678
1	flat75-1	70	0.015	629
1	flat75-1	71	0.015	588
1	flat75-1	72	0.015	631
1	flat75-1	73	0.015	680
1	flat75-1	74	0.015	656
1	flat75-1	75	0.015	646
1	flat75-1	76	0.015	626
1	flat75-1	77	0.015	676
1	flat75-1	78	0.016	631
1	flat75-1	79	0.015	618
1	flat75-1	80	0.015	603
1	flat75-1	81	0.016	616
1	flat75-1	82	0.015	693
1	flat75-1	83	0.015	638
1	flat75-1	84	0.016	654
1	flat75-1	85	0.015	681
1	flat75-1	86	0.015	645
1	flat75-1	87	0.016	646
1	flat75-1	88	0.015	669
1	flat75-1	89	0.015	636
1	flat75-1	90	0.015	687
1	flat75-1	91	0.015	631
1	flat75-1	92	0.015	599
1	flat75-1	93	0.015	680
1	flat75-1	94	0.015	661
1	flat75-1	95	0.015	668
1	flat75-1	96	0.015	665
1	flat75-1	97	0.015	655
1	flat75-1	98	0.015	640
1	flat75-1	99	0.015	642
1	flat75-1	100	0.015	656
