1	flat100-1	1	0.033	845
1	flat100-1	2	0.029	855
1	flat100-1	3	0.028	882
1	flat100-1	4	0.028	848
1	flat100-1	5	0.033	810
1	flat100-1	6	0.029	843
1	flat100-1	7	0.028	809
1	flat100-1	8	0.028	883
1	flat100-1	9	0.029	856
1	flat100-1	10	0.029	839
1	flat100-1	11	0.028	887
1	flat100-1	12	0.028	843
1	flat100-1	13	0.029	878
1	flat100-1	14	0.028	827
1	flat100-1	15	0.028	828
1	flat100-1	16	0.028	850
1	flat100-1	17	0.029	852
1	flat100-1	18	0.028	877
1	flat100-1	19	0.029	857
1	flat100-1	20	0.028	857
1	flat100-1	21	0.028	843
1	flat100-1	22	0.029	885
1	flat100-1	23	0.028	873
1	flat100-1	24	0.028	898
1	flat100-1	25	0.028	846
1	flat100-1	26	0.028	824
1	flat100-1	27	0.028	835
1	flat100-1	28	0.029	850
1	flat100-1	29	0.028	853
1	flat100-1	30	0.029	861
1	flat100-1	31	0.028	897
1	flat100-1	32	0.029	847
1	flat100-1	33	0.028	863
1	flat100-1	34	0.029	856
1	flat100-1	35	0.029	872
1	flat100-1	36	0.028	845
1	flat100-1	37	0.029	830
1	flat100-1	38	0.028	875
1	flat100-1	39	0.029	856
1	flat100-1	40	0.028	813
1	flat100-1	41	0.029	869
1	flat100-1	42	0.029	841
1	flat100-1	43	0.028	844
1	flat100-1	44	0.028	864
1	flat100-1	45	0.028	879
1	flat100-1	46	0.028	813
1	flat100-1	47	0.028	864
1	flat100-1	48	0.028	862
1	flat100-1	49	0.028	809
1	flat100-1	50	0.029	815
1	flat100-1	51	0.029	904
1	flat100-1	52	0.028	906
1	flat100-1	53	0.029	832
1	flat100-1	54	0.029	844
1	flat100-1	55	0.029	865
1	flat100-1	56	0.028	875
1	flat100-1	57	0.029	825
1	flat100-1	58	0.028	831
1	flat100-1	59	0.028	904
1	flat100-1	60	0.029	799
1	flat100-1	61	0.028	823
1	flat100-1	62	0.028	932
1	flat100-1	63	0.028	833
1	flat100-1	64	0.028	870
1	flat100-1	65	0.028	858
1	flat100-1	66	0.029	842
1	flat100-1	67	0.029	845
1	flat100-1	68	0.028	831
1	flat100-1	69	0.028	805
1	flat100-1	70	0.028	885
1	flat100-1	71	0.029	867
1	flat100-1	72	0.028	873
1	flat100-1	73	0.028	850
1	flat100-1	74	0.028	812
1	flat100-1	75	0.028	856
1	flat100-1	76	0.029	848
1	flat100-1	77	0.028	885
1	flat100-1	78	0.028	835
1	flat100-1	79	0.028	839
1	flat100-1	80	0.028	775
1	flat100-1	81	0.028	796
1	flat100-1	82	0.029	923
1	flat100-1	83	0.029	874
1	flat100-1	84	0.028	831
1	flat100-1	85	0.028	804
1	flat100-1	86	0.028	861
1	flat100-1	87	0.028	807
1	flat100-1	88	0.028	863
1	flat100-1	89	0.029	894
1	flat100-1	90	0.028	869
1	flat100-1	91	0.028	869
1	flat100-1	92	0.028	840
1	flat100-1	93	0.029	843
1	flat100-1	94	0.028	809
1	flat100-1	95	0.028	841
1	flat100-1	96	0.028	841
1	flat100-1	97	0.029	869
1	flat100-1	98	0.029	862
1	flat100-1	99	0.029	885
1	flat100-1	100	0.029	844
